2
3
5
7
11
101
131
151
181
191
313
353
373
383
727
757
787
797
919
929
10301
10501
10601
11311
11411
12421
12721
12821
13331
13831
13931
14341
14741
15451
15551
16061
16361
16561
16661
17471
93739
94049
94349
94649
94849
94949
95959
96269
96469
96769
97379
97579
97879
98389
9916199
9918199
9919199
9921299
9923299
9926299
9927299
9931399
9932399
9935399
9938399
9957599
9965699
9978799
9980899
9981899
9989899
100030001
100050001
100060001
100111001
100131001
100161001
100404001
100656001
100707001
100767001
100888001
100999001
101030101
101060101
101141101
