106     2
119     3
113     5
119     7
49      11
74      101
172     131
242     151
216     181
208     191
339     313
264     353
344     373
267     383
743     727
660     757
893     787
892     797
1007    919
975     929
10319   10301
10550   10501
10503   10601
11342   11311
11504   11411
12533   12421
12741   12721
12833   12821
13437   13331
13926   13831
13893   13931
14450   14341
14832   14741
15417   15451
15505   15551
16094   16061
16285   16361
16599   16561
16758   16661
17488   17471
